2125.57752 14.727 0.004
2129.65745 14.718 0.003
2132.59997 14.719 0.003
2135.73822 14.706 0.003
2140.69996 14.728 0.004
2144.58780 14.715 0.003
2160.56895 14.715 0.003
2175.61042 14.711 0.004
2187.54581 14.724 0.003
2206.54077 14.705 0.004
2331.88185 14.716 0.003
2355.85621 14.715 0.003
2364.91366 14.713 0.004
2372.81439 14.696 0.003
2403.86910 14.700 0.003
2411.81771 14.717 0.003
2414.75251 14.706 0.003
2416.78783 14.709 0.003
2424.88315 14.723 0.004
2428.78265 14.715 0.003
2432.82714 14.711 0.004
2434.69302 14.712 0.003
2436.74907 14.714 0.003
2436.76483 14.711 0.003
2438.71887 14.697 0.003
2440.75205 14.695 0.003
2443.72127 14.695 0.004
2445.60223 14.706 0.003
2448.59845 14.722 0.004
2453.84246 14.691 0.004
2455.67398 14.688 0.003
2456.55400 14.714 0.004
2458.69089 14.704 0.003
2460.76328 14.699 0.004
2463.51248 14.716 0.003
2466.72204 14.711 0.003
2468.59455 14.709 0.003
2470.59787 14.703 0.003
2472.63070 14.716 0.003
2484.59267 14.710 0.003
2486.68543 14.707 0.004
2490.65194 14.705 0.004
2493.61411 14.701 0.003
2495.68548 14.708 0.003
2497.76947 14.722 0.004
2498.47886 14.712 0.003
2500.50361 14.701 0.003
2502.53642 14.709 0.003
2508.63574 14.704 0.003
2512.58316 14.721 0.004
2517.62502 14.708 0.003
2520.55186 14.716 0.003
2526.64086 14.707 0.003
2537.62049 14.704 0.004
2542.48786 14.708 0.004
2547.55530 14.715 0.003
2551.59276 14.728 0.004
2556.54620 14.706 0.004
2564.50338 14.698 0.004
2575.50200 14.715 0.004
2706.88834 14.718 0.003
2714.87260 14.714 0.003
2728.90371 14.710 0.004
2733.88488 14.722 0.004
2744.87228 14.709 0.003
2753.85795 14.724 0.004
2756.92770 14.731 0.004
2760.87070 14.712 0.003
2766.92387 14.732 0.004
2770.79464 14.727 0.004
2783.73926 14.717 0.003
2785.85121 14.731 0.004
2786.90463 14.725 0.004
2789.71485 14.707 0.003
2791.69601 14.726 0.004
2794.91570 14.704 0.003
2796.78184 14.729 0.003
2797.94452 14.723 0.004
2803.63644 14.731 0.005
2809.68801 14.722 0.003
2810.85486 14.720 0.003
2811.88664 14.723 0.004
2813.68344 14.727 0.004
2814.70567 14.726 0.004
2816.56873 14.719 0.003
2818.55622 14.710 0.004
2820.72135 14.724 0.004
2826.72182 14.712 0.004
2834.75826 14.714 0.004
2836.70274 14.710 0.003
2837.60001 14.718 0.004
2839.64829 14.720 0.004
2841.67075 14.717 0.004
2843.59656 14.697 0.003
2845.62592 14.712 0.004
2850.48349 14.707 0.004
2852.49879 14.700 0.004
2854.49639 14.706 0.004
2856.68609 14.710 0.004
2858.65144 14.706 0.003
2862.57802 14.713 0.004
2865.68734 14.722 0.003
2868.56714 14.707 0.003
2876.55793 14.712 0.004
2879.60209 14.709 0.004
2885.49698 14.703 0.004
2894.60480 14.697 0.004
2898.58968 14.712 0.004
2898.65292 14.706 0.004
2898.66551 14.707 0.004
2898.67183 14.705 0.004
2904.56244 14.711 0.004
2909.55697 14.716 0.004
2917.59691 14.701 0.004
2930.53952 14.711 0.004
3058.86781 14.710 0.003
3063.89141 14.706 0.003
3067.86628 14.720 0.003
3070.82622 14.713 0.004
3072.90503 14.707 0.003
3075.80191 14.706 0.004
3079.85839 14.702 0.003
3082.82125 14.695 0.003
3084.87685 14.712 0.003
3086.81088 14.718 0.003
3088.76855 14.700 0.003
3089.87786 14.700 0.003
3091.79502 14.699 0.003
3096.83249 14.703 0.003
3098.87996 14.698 0.003
3100.83033 14.707 0.003
3102.79370 14.707 0.003
3103.86445 14.699 0.003
3106.80141 14.710 0.004
3109.76554 14.710 0.003
3110.80501 14.709 0.003
3111.83904 14.705 0.003
3112.81234 14.692 0.003
3113.84622 14.690 0.003
3114.75630 14.696 0.003
3115.83885 14.709 0.003
3118.90036 14.706 0.003
3122.88384 14.710 0.004
3125.84039 14.741 0.004
3126.86973 14.718 0.004
3127.77530 14.712 0.003
3128.79368 14.711 0.003
3129.76833 14.711 0.003
3131.65597 14.715 0.004
3134.73615 14.718 0.004
3134.85356 14.715 0.004
3135.83658 14.709 0.003
3137.91213 14.696 0.003
3138.79639 14.712 0.003
3139.84058 14.715 0.003
3140.84799 14.722 0.003
3142.74017 14.713 0.003
3144.76081 14.712 0.003
3146.73886 14.702 0.004
3151.72305 14.745 0.004
3152.72681 14.715 0.003
3152.94018 14.719 0.004
3153.73079 14.709 0.004
3154.79172 14.718 0.004
3156.77431 14.725 0.003
3158.84937 14.727 0.004
3162.78580 14.705 0.003
3163.74709 14.706 0.003
3164.70539 14.702 0.003
3165.77669 14.703 0.003
3166.86826 14.707 0.004
3168.56433 14.715 0.003
3168.90256 14.693 0.003
3169.69919 14.707 0.003
3170.77688 14.697 0.003
3171.87203 14.706 0.003
3172.71997 14.724 0.003
3174.68294 14.716 0.003
3175.69225 14.723 0.003
3176.73527 14.725 0.004
3178.75343 14.714 0.003
3179.76641 14.715 0.003
3180.67915 14.716 0.003
3182.74631 14.696 0.003
3183.70482 14.700 0.003
3184.67230 14.702 0.003
3185.83694 14.712 0.003
3193.50606 14.723 0.004
3193.61038 14.707 0.003
3194.61553 14.707 0.003
3195.67198 14.712 0.003
3196.71571 14.719 0.003
3197.61568 14.709 0.003
3199.76047 14.710 0.004
3202.51128 14.720 0.003
3203.63228 14.715 0.003
3204.59317 14.701 0.003
3205.73488 14.706 0.003
3206.64247 14.692 0.003
3209.68555 14.687 0.004
3210.63058 14.689 0.003
3217.62498 14.715 0.003
3218.62437 14.703 0.003
3219.72784 14.711 0.004
3223.62175 14.704 0.004
3224.67149 14.707 0.003
3226.58471 14.718 0.003
3228.57286 14.719 0.003
3229.61582 14.707 0.003
3231.54064 14.712 0.003
3232.56927 14.697 0.004
3238.59018 14.703 0.003
3239.54996 14.699 0.003
3240.62667 14.694 0.003
3241.62569 14.715 0.004
3245.52007 14.700 0.003
3246.63216 14.701 0.004
3247.64765 14.703 0.003
3249.49920 14.711 0.003
3250.62681 14.719 0.003
3256.60299 14.705 0.004
3259.59520 14.699 0.003
3267.50219 14.694 0.003
3272.56116 14.708 0.004
3274.60159 14.710 0.004
3278.57334 14.703 0.003
3281.55409 14.694 0.003
3288.51562 14.701 0.003
3293.49047 14.689 0.003
3295.49495 14.698 0.003
3299.49834 14.689 0.003
3312.50741 14.706 0.004
3416.88948 14.690 0.003
3421.87124 14.701 0.003
3425.89069 14.714 0.004
3432.86029 14.701 0.003
3442.86095 14.716 0.003
3444.91384 14.714 0.003
3447.82699 14.707 0.003
3449.83985 14.715 0.003
3452.86045 14.715 0.003
3454.91399 14.713 0.003
3458.77308 14.718 0.003
3459.82073 14.714 0.003
3468.84950 14.706 0.003
3469.85641 14.705 0.003
3471.88395 14.701 0.003
3473.85194 14.704 0.003
3474.87537 14.704 0.003
3476.74812 14.692 0.003
3478.76384 14.695 0.003
3479.90107 14.707 0.003
3481.79175 14.717 0.003
3484.74754 14.705 0.003
3496.69596 14.713 0.003
3497.76341 14.708 0.003
3499.72094 14.711 0.003
3500.70374 14.693 0.003
3501.74176 14.697 0.003
3502.74034 14.691 0.003
3503.66692 14.693 0.003
3504.84600 14.698 0.003
3506.85766 14.700 0.003
3508.72413 14.696 0.003
3509.75466 14.692 0.003
3510.89496 14.690 0.003
3511.80681 14.694 0.003
3512.83548 14.699 0.003
3517.82993 14.711 0.003
3520.78714 14.702 0.003
3522.71312 14.701 0.003
3523.77422 14.701 0.003
3524.67634 14.705 0.003
3525.67045 14.692 0.003
3526.72320 14.691 0.003
3527.75702 14.695 0.003
3528.69798 14.698 0.003
3529.65588 14.705 0.003
3530.66395 14.705 0.003
3538.64221 14.716 0.003
3540.62942 14.708 0.003
3544.82914 14.710 0.003
3547.76067 14.701 0.003
3550.60756 14.719 0.003
3551.60988 14.705 0.003
3552.64067 14.716 0.003
3553.76627 14.716 0.004
3554.71963 14.718 0.003
3555.78383 14.711 0.003
3556.69599 14.703 0.003
3558.50679 14.697 0.003
3558.80547 14.697 0.003
3559.58836 14.712 0.003
3560.57677 14.709 0.003
3561.52087 14.720 0.003
3562.56150 14.714 0.003
3562.81286 14.703 0.003
3563.61574 14.715 0.003
3564.59743 14.715 0.003
3569.53421 14.718 0.003
3573.62465 14.704 0.003
3574.66563 14.709 0.003
3575.51319 14.708 0.003
3576.66715 14.706 0.003
3577.73481 14.715 0.003
3578.64002 14.775 0.003
3579.59731 14.716 0.003
3579.76501 14.726 0.003
3580.62709 14.714 0.003
3581.65056 14.719 0.003
3582.59866 14.719 0.003
3583.61262 14.717 0.003
3584.62139 14.737 0.003
3585.61170 14.720 0.003
3586.65743 14.713 0.003
3589.65012 14.714 0.003
3590.61900 14.762 0.003
3592.62587 14.712 0.003
3593.65204 14.725 0.003
3594.68390 14.706 0.003
3601.62607 14.711 0.003
3602.64217 14.692 0.003
3603.61617 14.719 0.003
3607.61449 14.708 0.003
3608.62143 14.714 0.003
3615.55715 14.717 0.003
3616.56461 14.719 0.003
3618.54127 14.723 0.003
3619.56591 14.728 0.003
3621.56553 14.720 0.003
3628.53941 14.700 0.003
3629.62407 14.702 0.003
3631.50896 14.703 0.003
3633.52207 14.723 0.003
3637.61824 14.702 0.003
3639.57177 14.711 0.003
3641.52394 14.703 0.003
3643.60031 14.715 0.004
3648.51618 14.712 0.003
3650.55356 14.716 0.003
3654.52538 14.725 0.004
3655.50403 14.718 0.003
3657.51153 14.713 0.003
3660.50569 14.725 0.003
3662.51092 14.716 0.003
3666.53844 14.698 0.003
3776.84622 14.721 0.003
3781.87247 14.711 0.004
3784.85638 14.714 0.003
3787.89304 14.723 0.003
3791.87114 14.744 0.003
3794.85079 14.736 0.003
3796.83850 14.723 0.003
3797.84240 14.709 0.003
3798.89039 14.716 0.003
3801.81398 14.741 0.003
3803.80303 14.705 0.003
3804.85035 14.712 0.003
3805.89076 14.709 0.003
3807.87907 14.718 0.003
3808.91420 14.725 0.003
3811.87202 14.718 0.003
3812.90373 14.713 0.003
3817.89042 14.712 0.003
3818.91112 14.715 0.003
3820.85714 14.713 0.003
3821.86713 14.708 0.003
3822.76618 14.721 0.003
3823.87545 14.710 0.003
3824.87203 14.719 0.003
3826.87649 14.723 0.003
3828.87883 14.704 0.003
3829.86557 14.712 0.003
3832.86587 14.715 0.003
3833.83574 14.707 0.003
3834.88467 14.714 0.003
3835.82799 14.714 0.003
3836.83366 14.713 0.003
3837.82302 14.709 0.003
3838.82701 14.719 0.003
3839.83915 14.710 0.003
3840.83018 14.712 0.003
3841.80905 14.716 0.003
3845.81194 14.729 0.004
3846.82208 14.716 0.003
3848.83757 14.708 0.003
3849.85086 14.702 0.003
3850.78691 14.713 0.003
3851.79324 14.724 0.003
3852.78172 14.717 0.003
3853.77441 14.722 0.003
3856.76321 14.722 0.003
3858.82713 14.728 0.003
3860.81791 14.722 0.003
3861.82858 14.708 0.003
3862.77620 14.717 0.003
3863.71594 14.712 0.003
3864.77704 14.713 0.003
3865.74141 14.708 0.003
3866.76985 14.713 0.003
3867.70677 14.713 0.003
3868.77279 14.710 0.003
3869.75921 14.699 0.003
3873.76001 14.701 0.003
3874.80461 14.714 0.003
3875.71968 14.700 0.003
3875.74276 14.709 0.003
3875.81551 14.710 0.003
3875.89197 14.693 0.003
3875.93441 14.689 0.003
3876.60195 14.699 0.003
3876.62882 14.710 0.003
3876.70495 14.702 0.003
3877.62694 14.718 0.003
3877.65639 14.717 0.003
3877.74930 14.718 0.003
3877.93182 14.711 0.003
3880.74654 14.712 0.003
3881.75469 14.710 0.003
3881.77769 14.713 0.003
3881.81974 14.712 0.003
3882.69275 14.704 0.003
3883.73420 14.694 0.003
3886.70505 14.720 0.003
3887.56995 14.704 0.003
3887.64533 14.722 0.003
3887.68810 14.715 0.003
3888.58542 14.701 0.003
3889.84645 14.709 0.003
3891.59821 14.714 0.003
3892.84446 14.692 0.003
3893.72924 14.704 0.003
3894.77461 14.709 0.003
3896.72290 14.715 0.003
3900.62576 14.702 0.003
3901.63765 14.712 0.003
3902.65555 14.714 0.003
3903.77776 14.713 0.003
3904.63527 14.715 0.003
3905.64223 14.720 0.003
3906.62377 14.721 0.003
3907.68486 14.718 0.004
3908.62342 14.706 0.003
3909.62782 14.695 0.003
3912.62817 14.707 0.003
3913.62570 14.724 0.003
3914.63983 14.724 0.003
3915.62260 14.719 0.003
3916.70438 14.731 0.003
3917.71706 14.710 0.003
3918.50679 14.693 0.003
3918.71811 14.714 0.003
3919.65130 14.718 0.003
3920.60342 14.708 0.003
3921.61690 14.711 0.003
3930.67636 14.716 0.003
3931.59830 14.727 0.003
3931.74050 14.718 0.003
3932.62575 14.719 0.003
3933.60548 14.793 0.003
3934.57611 14.725 0.003
3935.65331 14.725 0.003
3936.60490 14.726 0.003
3936.79314 14.712 0.003
3937.72162 14.705 0.003
3938.58257 14.724 0.003
3940.72276 14.733 0.003
3944.66750 14.725 0.003
3945.61588 14.716 0.003
3946.60963 14.722 0.003
3950.61461 14.710 0.003
3951.64271 14.725 0.003
3956.64957 14.721 0.003
3957.60403 14.720 0.003
3958.66951 14.712 0.003
3959.59982 14.736 0.003
3960.58810 14.730 0.003
3963.55713 14.722 0.003
3964.62031 14.730 0.003
3965.60604 14.728 0.003
3966.60094 14.718 0.003
3967.62735 14.752 0.003
3968.58358 14.740 0.003
3969.59122 14.724 0.003
3970.60409 14.734 0.003
3971.63411 14.736 0.003
3973.66364 14.726 0.003
3974.59831 14.728 0.003
3975.58978 14.703 0.003
3976.58768 14.705 0.003
3979.61414 14.724 0.003
3982.64269 14.698 0.003
3987.58393 14.698 0.003
3988.60111 14.706 0.003
3990.58514 14.701 0.003
3994.53504 14.705 0.003
3995.66277 14.712 0.003
3996.51081 14.719 0.003
4000.59632 14.721 0.003
4001.61974 14.723 0.003
4002.59034 14.729 0.003
4003.54482 14.727 0.003
4005.64065 14.728 0.003
4006.60952 14.711 0.003
4011.52361 14.728 0.003
4015.55297 14.730 0.003
4017.53065 14.720 0.003
4019.53237 14.724 0.003
4021.53506 14.731 0.004
4024.56460 14.716 0.003
4026.56021 14.703 0.003
4029.51885 14.708 0.003
4143.86811 14.719 0.004
4149.86268 14.723 0.004
4154.90023 14.715 0.004
4157.87101 14.723 0.003
4159.88728 14.708 0.004
4162.83467 14.712 0.004
4164.87443 14.726 0.003
4166.89024 14.726 0.004
4169.80472 14.714 0.004
4174.81232 14.727 0.004
4176.80526 14.712 0.003
4177.85898 14.713 0.004
4178.90175 14.714 0.003
4180.79914 14.719 0.004
4181.88875 14.713 0.004
4183.77082 14.714 0.003
4184.81917 14.712 0.003
4187.91233 14.716 0.004
4190.83028 14.716 0.004
4192.84906 14.720 0.004
4193.85991 14.711 0.003
4194.88158 14.710 0.003
4196.87010 14.708 0.004
4202.85134 14.712 0.003
4203.83948 14.711 0.003
4204.83499 14.708 0.003
4205.83004 14.709 0.003
4207.83862 14.701 0.003
4208.85565 14.703 0.003
4213.83091 14.714 0.003
4215.83714 14.712 0.004
4216.79489 14.715 0.004
4217.80269 14.711 0.003
4218.85761 14.711 0.003
4219.89340 14.717 0.004
4220.83032 14.707 0.004
4221.67036 14.720 0.004
4222.79349 14.713 0.004
4224.91280 14.720 0.004
4227.89403 14.709 0.003
4228.78776 14.712 0.004
4229.77248 14.714 0.004
4230.75626 14.710 0.003
4231.75858 14.712 0.003
4232.77009 14.690 0.004
4234.67354 14.719 0.004
4235.73187 14.719 0.003
4238.78184 14.730 0.003
4239.76192 14.731 0.003
4240.90757 14.718 0.003
4243.80085 14.710 0.004
4244.77572 14.707 0.003
4245.76653 14.703 0.003
4246.82425 14.709 0.004
4250.84961 14.727 0.004
4256.68653 14.709 0.004
4258.69532 14.724 0.004
4267.66059 14.715 0.003
4268.83126 14.705 0.003
4269.63906 14.715 0.003
4272.68958 14.714 0.003
4273.73877 14.716 0.004
4274.53539 14.694 0.004
4275.69019 14.719 0.004
4277.64758 14.706 0.003
4278.66357 14.710 0.004
4283.60887 14.713 0.004
4284.59289 14.719 0.004
4285.59956 14.718 0.004
4286.59574 14.716 0.003
4289.63064 14.715 0.004
4290.66209 14.713 0.004
4291.71686 14.708 0.004
4292.57827 14.703 0.003
4293.60557 14.704 0.003
4294.57741 14.714 0.003
4295.60262 14.708 0.003
4296.58621 14.711 0.004
4298.62430 14.710 0.004
4299.59461 14.707 0.003
4300.49308 14.718 0.004
4301.67334 14.716 0.003
4302.65563 14.716 0.004
4304.63043 14.707 0.004
4306.62137 14.708 0.004
4310.72214 14.713 0.004
4312.61635 14.703 0.003
4315.62648 14.706 0.004
4316.64754 14.693 0.004
4317.54600 14.705 0.003
4319.60906 14.717 0.004
4320.70200 14.726 0.004
4326.62489 14.716 0.004
4327.65067 14.712 0.004
4328.59288 14.717 0.003
4329.58496 14.736 0.004
4330.62783 14.719 0.003
4331.59245 14.719 0.004
4332.67076 14.779 0.004
4333.59324 14.719 0.004
4334.56061 14.704 0.004
4338.62362 14.718 0.004
4339.59283 14.715 0.004
4340.68983 14.723 0.004
4341.59473 14.721 0.004
4342.63102 14.707 0.004
4343.61029 14.702 0.003
4344.65979 14.708 0.004
4345.61017 14.714 0.004
4346.61218 14.717 0.004
4347.62603 14.719 0.004
4349.59792 14.718 0.003
4350.65970 14.720 0.004
4351.60005 14.716 0.004
4353.61986 14.711 0.004
4354.63938 14.724 0.004
4355.65240 14.720 0.004
4358.62651 14.724 0.004
4362.57444 14.726 0.005
4368.59528 14.713 0.004
4371.61418 14.715 0.004
4373.60785 14.724 0.004
4381.58700 14.713 0.004
4506.87378 14.716 0.004
4512.88910 14.706 0.003
4515.85062 14.714 0.004
4521.86196 14.723 0.004
4524.87130 14.711 0.003
4530.86064 14.714 0.003
4533.89827 14.714 0.003
4536.78654 14.699 0.004
4537.84744 14.700 0.003
4539.79077 14.714 0.003
4541.76051 14.720 0.003
4542.87853 14.706 0.003
4543.90462 14.712 0.003
4544.90222 14.706 0.003
4545.82681 14.712 0.003
4546.88533 14.711 0.003
4547.89610 14.713 0.003
4550.89588 14.728 0.003
4551.88899 14.718 0.003
4552.88223 14.719 0.003
4556.85017 14.710 0.003
4557.87643 14.716 0.003
4558.87293 14.719 0.003
4559.84061 14.722 0.003
4560.84091 14.714 0.003
4561.82981 14.705 0.003
4564.83413 14.700 0.003
4565.82307 14.709 0.003
4566.82511 14.716 0.003
4567.82544 14.717 0.003
4568.84777 14.721 0.003
4569.84169 14.718 0.003
4570.83239 14.710 0.003
4571.81613 14.710 0.003
4572.85395 14.713 0.003
4573.82961 14.717 0.003
4574.83177 14.718 0.003
4575.84054 14.712 0.003
4583.70068 14.713 0.004
4585.92676 14.719 0.004
4586.85267 14.717 0.003
4587.83330 14.708 0.003
4588.81633 14.711 0.003
4589.66194 14.707 0.003
4590.76654 14.709 0.003
4591.65433 14.713 0.003
4592.75970 14.722 0.003
4593.74501 14.717 0.003
4594.77354 14.717 0.003
4595.76128 14.710 0.003
4596.75046 14.704 0.003
4597.78170 14.699 0.003
4598.75104 14.699 0.003
4599.72687 14.697 0.003
4600.73609 14.701 0.003
4601.74061 14.704 0.003
4602.73483 14.708 0.003
4606.74855 14.711 0.003
4610.85174 14.708 0.003
4611.72228 14.707 0.003
4611.90887 14.709 0.003
4615.89899 14.714 0.004
4616.70780 14.711 0.003
4617.83089 14.710 0.004
4622.68650 14.712 0.003
4623.76649 14.705 0.003
4624.70176 14.704 0.004
4625.68687 14.710 0.003
4626.73735 14.698 0.004
4627.66602 14.713 0.003
4628.66033 14.720 0.003
4629.72543 14.720 0.003
4630.66231 14.722 0.003
4631.68379 14.713 0.003
4632.68380 14.713 0.003
4633.74082 14.705 0.003
4639.78625 14.725 0.003
4640.68619 14.721 0.003
4641.84274 14.729 0.004
4642.68464 14.706 0.003
4643.65062 14.699 0.003
4644.71776 14.708 0.003
4645.64922 14.711 0.003
4646.62095 14.721 0.003
4647.63135 14.724 0.003
4649.62549 14.712 0.003
4650.65385 14.714 0.003
4651.66874 14.713 0.003
4652.59790 14.706 0.003
4653.59178 14.710 0.003
4654.63092 14.707 0.003
4655.59518 14.706 0.003
4656.59824 14.719 0.003
4658.75563 14.714 0.004
4660.70517 14.709 0.003
4661.58774 14.706 0.003
4665.74951 14.722 0.004
4666.65490 14.708 0.003
4670.72104 14.717 0.004
4671.64447 14.718 0.003
4672.60397 14.711 0.003
4674.61083 14.716 0.003
4677.58303 14.707 0.003
4681.59864 14.716 0.003
4682.61585 14.718 0.003
4683.61280 14.716 0.004
4684.63087 14.706 0.003
4685.59853 14.707 0.003
4686.72733 14.708 0.003
4687.64580 14.711 0.003
4688.59199 14.715 0.003
4694.66727 14.715 0.004
4697.59321 14.723 0.004
4698.61942 14.732 0.003
4700.61449 14.719 0.003
4701.59738 14.726 0.004
4702.61234 14.716 0.003
4703.67958 14.707 0.004
4708.61312 14.721 0.004
4710.64829 14.710 0.003
4720.63058 14.702 0.003
4721.59944 14.706 0.004
4724.61387 14.708 0.003
4726.59069 14.715 0.004
4731.64020 14.716 0.004
4738.51618 14.715 0.004
4748.58505 14.714 0.004
4755.53884 14.714 0.004
4761.53533 14.714 0.004
4875.86808 14.709 0.003
4878.89831 14.712 0.003
4885.88006 14.715 0.003
4888.83175 14.725 0.003
4892.82746 14.721 0.003
4897.90618 14.725 0.003
4901.84933 14.715 0.003
4903.84870 14.724 0.003
4904.90694 14.732 0.003
4906.89839 14.719 0.003
4910.90494 14.713 0.003
4912.89147 14.718 0.003
4914.87281 14.715 0.003
4925.80536 14.705 0.003
4927.85927 14.728 0.003
4929.82796 14.719 0.003
4930.86129 14.726 0.003
4931.80509 14.723 0.003
4932.76034 14.715 0.003
4933.80865 14.711 0.003
4938.78368 14.728 0.003
4939.80904 14.732 0.003
4941.76310 14.720 0.003
4942.80392 14.710 0.003
4943.79644 14.715 0.003
4950.80909 14.708 0.003
4951.80033 14.704 0.003
4952.83607 14.702 0.003
4953.80068 14.707 0.003
4954.76252 14.703 0.003
4955.75838 14.710 0.003
5260.88278 14.744 0.007
5261.81374 14.751 0.007
5262.85132 14.717 0.008
5265.86822 14.709 0.007
5266.81459 14.707 0.007
5267.84179 14.714 0.007
5268.84425 14.723 0.007
5269.80792 14.729 0.007
5270.81361 14.745 0.007
5271.80909 14.740 0.007
5272.81427 14.725 0.007
5273.79926 14.717 0.007
5274.81777 14.715 0.007
5275.80410 14.738 0.007
5276.78228 14.731 0.007
5276.90975 14.723 0.007
5277.83777 14.725 0.007
5278.81439 14.715 0.007
5279.81564 14.732 0.007
5280.82226 14.751 0.007
5281.80217 14.733 0.007
5282.82489 14.714 0.007
5283.78498 14.718 0.007
5283.87633 14.703 0.007
5284.79061 14.702 0.007
5285.78143 14.699 0.007
5285.91143 14.693 0.007
5286.79706 14.721 0.008
5287.85024 14.730 0.007
5288.77560 14.708 0.007
5289.82748 14.699 0.007
5293.85540 14.715 0.007
5294.79878 14.737 0.007
5295.80168 14.709 0.007
5296.84125 14.744 0.007
5297.87602 14.744 0.007
5298.91640 14.732 0.007
5299.90148 14.715 0.004
5301.82717 14.693 0.007
5306.78722 14.721 0.007
5307.81239 14.704 0.007
5309.85594 14.687 0.007
5311.92506 14.688 0.007
5312.91449 14.713 0.007
5314.67433 14.696 0.008
5314.88895 14.716 0.007
5315.81507 14.707 0.007
5316.77315 14.711 0.008
5319.91463 14.721 0.008
5320.80872 14.721 0.007
5321.75557 14.706 0.007
5322.71100 14.681 0.005
5322.92417 14.727 0.007
5323.86845 14.730 0.007
5324.79863 14.726 0.007
5325.71473 14.711 0.007
5325.91567 14.716 0.007
5326.84065 14.706 0.007
5327.78832 14.735 0.007
5328.68756 14.738 0.005
5328.91105 14.748 0.007
5334.84050 14.725 0.007
5335.81506 14.706 0.007
5336.90158 14.733 0.007
5337.90202 14.720 0.007
5339.66081 14.721 0.007
5339.93618 14.729 0.007
5340.87805 14.717 0.007
5341.80888 14.724 0.007
5342.63683 14.740 0.008
5342.83267 14.695 0.007
5343.66645 14.704 0.007
5343.85981 14.691 0.007
5343.87254 14.687 0.007
5348.80710 14.706 0.007
5349.68743 14.696 0.007
5350.69540 14.731 0.008
5351.82050 14.718 0.007
5352.83565 14.730 0.007
5353.78391 14.734 0.007
5354.75984 14.725 0.007
5355.68999 14.707 0.007
5357.68777 14.694 0.007
5358.87049 14.707 0.007
5359.69202 14.705 0.007
5361.63886 14.726 0.008
5362.88489 14.701 0.007
5365.54537 14.694 0.008
5365.88293 14.701 0.007
5369.84012 14.717 0.007
5376.80427 14.708 0.007
5377.73678 14.719 0.007
5378.61122 14.711 0.007
5378.86772 14.698 0.007
5379.77245 14.700 0.005
5380.62998 14.703 0.005
5380.85479 14.696 0.007
5381.72981 14.718 0.007
5382.60514 14.714 0.007
5382.81245 14.702 0.007
5385.81507 14.749 0.005
5386.51857 14.730 0.007
5386.60064 14.727 0.007
5386.68513 14.749 0.007
5386.82937 14.748 0.007
5387.81241 14.716 0.007
5388.76899 14.729 0.007
5389.65661 14.700 0.007
5390.60255 14.699 0.007
5391.50792 14.712 0.007
5391.83740 14.711 0.007
5392.77727 14.723 0.007
5393.75341 14.749 0.008
5396.66720 14.705 0.007
5397.70540 14.698 0.007
5403.48547 14.717 0.007
5403.67807 14.739 0.007
5404.54911 14.724 0.007
5404.74797 14.729 0.007
5405.76172 14.726 0.007
5407.61785 14.743 0.008
5408.53643 14.720 0.008
5408.73847 14.737 0.008
5409.74054 14.725 0.007
5410.74421 14.726 0.007
5411.75772 14.722 0.005
5412.67767 14.706 0.007
5414.77264 14.710 0.005
5418.65277 14.730 0.005
5421.67263 14.711 0.007
5423.48931 14.705 0.005
5426.51829 14.718 0.007
5430.58851 14.726 0.007
5431.58351 14.716 0.007
5432.52944 14.725 0.008
5434.55448 14.716 0.007
5435.52143 14.723 0.007
5436.54648 14.731 0.007
5438.57912 14.728 0.007
5439.62077 14.732 0.007
5443.63490 14.714 0.007
5444.66060 14.716 0.007
5446.54955 14.738 0.007
5447.55981 14.720 0.007
5449.49276 14.732 0.007
5450.57114 14.710 0.007
5453.53235 14.741 0.008
5457.60420 14.715 0.007
5459.49388 14.717 0.007
5460.51443 14.733 0.007
5461.54129 14.704 0.007
5462.59574 14.736 0.007
5465.55454 14.724 0.008
5467.57281 14.695 0.005
5469.53616 14.705 0.005
5470.55293 14.735 0.007
5471.55924 14.725 0.007
5472.51364 14.714 0.007
5472.59565 14.712 0.007
5473.55882 14.725 0.007
5476.54721 14.709 0.007
5478.52865 14.727 0.007
5480.53298 14.721 0.007
5481.50194 14.715 0.007
5485.54894 14.724 0.007
5486.53517 14.751 0.007
5487.51829 14.721 0.005
5488.50556 14.722 0.007
5489.49174 14.742 0.008
5490.49183 14.752 0.008
5493.51947 14.738 0.008
5495.50881 14.717 0.007
5497.50827 14.721 0.007
5499.51434 14.717 0.007
5504.50424 14.748 0.008
5598.88135 14.710 0.007
5599.88888 14.716 0.007
5600.87744 14.723 0.005
5616.90062 14.690 0.007
5622.89988 14.728 0.005
5625.83359 14.694 0.005
5627.82691 14.704 0.005
5628.90966 14.720 0.007
5629.83735 14.701 0.007
5631.86569 14.704 0.005
5633.82077 14.719 0.005
5634.81455 14.713 0.007
5637.85112 14.719 0.007
5639.81747 14.713 0.007
5639.89305 14.717 0.005
5640.79191 14.724 0.007
5640.87791 14.723 0.005
5641.79698 14.708 0.005
5642.76272 14.723 0.007
5642.85727 14.717 0.005
5642.87857 14.716 0.007
5643.78414 14.720 0.005
5643.88240 14.711 0.005
5644.79164 14.705 0.007
5644.90741 14.697 0.007
5648.77455 14.701 0.005
5648.88246 14.703 0.005
5649.77991 14.703 0.005
5649.88639 14.703 0.005
5650.77203 14.702 0.005
5650.87868 14.695 0.005
5651.79430 14.721 0.005
5651.91281 14.728 0.005
5652.83690 14.725 0.005
5653.87975 14.734 0.005
5653.89284 14.743 0.005
5654.81550 14.703 0.007
5654.89854 14.709 0.005
5655.80629 14.733 0.005
5655.89155 14.703 0.005
5656.84243 14.720 0.005
5657.80381 14.719 0.005
5657.89076 14.729 0.005
5658.79992 14.710 0.005
5658.89723 14.719 0.007
5659.75138 14.703 0.005
5659.82957 14.704 0.005
5659.91995 14.730 0.005
5660.80365 14.701 0.005
5660.91842 14.727 0.007
5662.79481 14.714 0.005
5662.89664 14.712 0.005
5664.75895 14.733 0.008
5664.86099 14.704 0.007
5665.74185 14.712 0.007
5665.85199 14.694 0.005
5667.72227 14.725 0.005
5667.92567 14.745 0.005
5668.92805 14.732 0.007
5669.92270 14.748 0.007
5670.89746 14.710 0.007
5675.77393 14.727 0.005
5676.70055 14.730 0.004
5676.87948 14.740 0.005
5677.82864 14.714 0.005
5679.74044 14.738 0.005
5679.92373 14.727 0.005
5680.82665 14.713 0.005
5681.71467 14.702 0.005
5681.90157 14.726 0.005
5682.79457 14.704 0.005
5683.76960 14.701 0.005
5684.68162 14.701 0.005
5684.89293 14.725 0.005
5685.85994 14.725 0.005
5686.76376 14.698 0.005
5687.65774 14.686 0.007
5687.84815 14.713 0.004
5689.77698 14.706 0.005
5690.76765 14.704 0.005
5691.68964 14.688 0.005
5691.88005 14.700 0.005
5692.78176 14.696 0.005
5692.94057 14.712 0.007
5693.80613 14.732 0.005
5694.62676 14.694 0.007
5694.81446 14.713 0.005
5695.63491 14.683 0.007
5695.85427 14.710 0.005
5696.66119 14.697 0.007
5696.84216 14.698 0.005
5697.67672 14.679 0.007
5697.84430 14.717 0.005
5698.68381 14.679 0.007
5698.84379 14.698 0.005
5703.78333 14.703 0.008
5705.82190 14.706 0.007
5706.75664 14.696 0.007
5707.65179 14.703 0.005
5707.81724 14.720 0.005
5708.62472 14.742 0.008
5708.81955 14.707 0.007
5709.66651 14.695 0.004
5712.72352 14.690 0.005
5712.92121 14.687 0.005
5714.60145 14.699 0.007
5714.61587 14.698 0.007
5715.67345 14.705 0.005
5715.84863 14.693 0.005
5716.74544 14.700 0.005
5716.91630 14.685 0.007
5721.82014 14.702 0.005
5722.64662 14.716 0.005
5723.54772 14.708 0.007
5723.72528 14.708 0.005
5724.54451 14.724 0.007
5724.77481 14.733 0.005
5725.69990 14.715 0.005
5726.60211 14.710 0.007
5726.77283 14.725 0.008
5734.75422 14.731 0.008
5735.68093 14.706 0.007
5735.88356 14.710 0.007
5736.62179 14.728 0.005
5736.83572 14.726 0.005
5737.63177 14.723 0.005
5737.80721 14.710 0.005
5738.65893 14.721 0.005
5739.49647 14.712 0.007
5739.54396 14.711 0.007
5739.60050 14.713 0.005
5739.66405 14.712 0.005
5739.72946 14.707 0.005
5739.80123 14.712 0.005
5740.65681 14.710 0.007
5740.72715 14.715 0.007
5740.78844 14.720 0.005
5740.86679 14.701 0.007
5741.49853 14.711 0.007
5741.57253 14.720 0.007
5741.65792 14.728 0.007
5741.75106 14.734 0.005
5741.83715 14.734 0.005
5742.51484 14.723 0.007
5742.55786 14.734 0.005
5742.59304 14.718 0.007
5742.67084 14.719 0.005
5742.77039 14.739 0.005
5743.64268 14.746 0.007
5743.81965 14.726 0.007
5744.57776 14.724 0.007
5744.79630 14.723 0.005
5745.75289 14.705 0.005
5746.59865 14.701 0.005
5746.78055 14.700 0.007
5747.67857 14.721 0.007
5748.65851 14.696 0.005
5749.61855 14.699 0.005
5749.78452 14.715 0.007
5753.57412 14.725 0.008
5759.82270 14.694 0.007
5760.57518 14.702 0.007
5760.76453 14.701 0.005
5761.59373 14.715 0.004
5762.62006 14.724 0.007
5763.49038 14.721 0.005
5763.67685 14.722 0.005
5764.50005 14.724 0.005
5764.67033 14.725 0.005
5765.54148 14.701 0.005
5765.74127 14.703 0.005
5766.61420 14.701 0.005
5767.48712 14.708 0.007
5767.69920 14.712 0.007
5768.52952 14.709 0.005
5768.72841 14.722 0.005
5769.56726 14.715 0.005
5769.77319 14.728 0.007
5775.63934 14.734 0.007
5776.72489 14.722 0.007
5777.65868 14.712 0.005
5778.56292 14.711 0.007
5779.69972 14.706 0.005
5785.52157 14.710 0.007
5785.71268 14.707 0.007
5786.65911 14.711 0.005
5787.49280 14.707 0.005
5787.69218 14.708 0.005
5788.61061 14.714 0.007
5790.48921 14.721 0.007
5790.67118 14.711 0.005
5793.49266 14.710 0.007
5793.67815 14.703 0.005
5794.59212 14.715 0.007
5795.58761 14.741 0.007
5796.56924 14.714 0.007
5798.68959 14.713 0.007
5801.65352 14.713 0.007
5803.53883 14.758 0.008
5804.63597 14.725 0.007
5805.59762 14.730 0.005
5807.55359 14.737 0.007
5812.54069 14.738 0.007
5813.52319 14.721 0.007
5815.48032 14.727 0.007
5815.65521 14.750 0.005
5816.62850 14.723 0.007
5817.63019 14.721 0.007
5818.61289 14.726 0.007
5819.62017 14.720 0.005
5820.59678 14.728 0.007
5822.55565 14.742 0.007
5823.48494 14.751 0.007
5823.57585 14.743 0.007
5824.50005 14.723 0.007
5824.59509 14.726 0.005
5825.51462 14.737 0.007
5825.61891 14.711 0.007
5826.54439 14.731 0.007
5827.48399 14.732 0.007
5827.56294 14.723 0.007
5828.48370 14.720 0.007
5828.57296 14.736 0.005
5829.49891 14.738 0.007
5829.58385 14.727 0.005
5830.52093 14.731 0.005
5830.59705 14.723 0.005
5831.56863 14.721 0.005
5832.51448 14.732 0.005
5832.59369 14.699 0.007
5833.55202 14.720 0.005
5834.51164 14.733 0.005
5834.58868 14.710 0.005
5836.48631 14.731 0.007
5836.56027 14.719 0.007
5839.51641 14.718 0.007
5839.59003 14.718 0.007
5840.55192 14.732 0.005
5841.48645 14.743 0.007
5841.57051 14.747 0.007
5842.52845 14.760 0.008
5843.48645 14.729 0.007
5843.57070 14.721 0.007
5844.51509 14.729 0.007
5844.59361 14.750 0.008
5845.55499 14.724 0.007
5846.51820 14.744 0.007
5850.54192 14.718 0.005
5851.50524 14.718 0.005
5852.53307 14.739 0.007
5854.52572 14.750 0.007
5857.53037 14.711 0.007
5859.52351 14.722 0.007
5860.53660 14.733 0.007
5862.50153 14.738 0.007
5866.51689 14.736 0.007
5867.52038 14.718 0.007
5868.52136 14.718 0.007
5869.51229 14.758 0.007
5870.51796 14.706 0.005
5971.86447 15.774 0.009
5976.88262 15.952 0.009
5977.88014 15.992 0.011
5978.89043 16.036 0.011
5979.89498 16.088 0.015
5982.83290 16.227 0.012
5983.83608 16.277 0.013
5984.83269 16.294 0.012
5985.81819 16.352 0.015
5985.89531 16.340 0.013
5986.87129 16.407 0.012
5987.84770 16.462 0.013
5988.83781 16.518 0.018
5989.81862 16.557 0.015
5989.89841 16.574 0.018
5990.86611 16.612 0.015
5991.84061 16.647 0.015
5992.81173 16.730 0.018
5993.80013 16.782 0.024
5993.87780 16.811 0.019
5994.84617 16.847 0.018
5995.79572 16.917 0.022
5995.87140 16.921 0.018
5996.81406 16.977 0.021
5996.89840 16.985 0.018
5997.84614 17.028 0.022
5998.79619 17.126 0.026
5998.88665 17.131 0.022
5999.81895 17.196 0.025
5999.90569 17.185 0.022
6003.90236 17.486 0.037
6004.83713 17.532 0.029
6005.76410 17.667 0.035
6005.85367 17.705 0.038
6006.79277 17.728 0.031
6006.89075 17.729 0.031
6007.79405 17.822 0.041
6007.88922 17.802 0.037
6008.78764 17.872 0.041
6008.88412 17.888 0.038
6009.78910 17.982 0.038
6009.88443 17.991 0.038
6010.78077 18.047 0.038
6010.87895 18.070 0.034
6011.76685 18.122 0.050
6011.88478 18.113 0.061
6012.78513 18.307 0.054
6012.88253 18.268 0.038
6013.77925 18.288 0.050
6013.88145 18.288 0.050
6014.75620 18.364 0.063
6014.85474 18.366 0.057
6015.73335 18.457 0.064
6015.81151 18.420 0.045
6015.90130 18.452 0.050
6016.79414 18.452 0.056
6016.89760 18.351 0.048
6017.78051 18.459 0.056
6017.87726 18.410 0.044
6018.76888 18.409 0.069
6018.84765 18.512 0.063
6019.74748 18.405 0.080
6019.84412 18.551 0.056
6019.92183 18.475 0.061
6020.77930 18.558 0.063
6020.87425 18.452 0.050
6021.72530 18.496 0.088
6021.80232 18.485 0.063
6021.89925 18.506 0.056
6022.75091 18.378 0.067
6022.82814 18.495 0.066
6022.92723 18.469 0.092
6023.78503 18.435 0.061
6023.86710 18.368 0.056
6024.74234 18.255 0.069
6024.84300 18.404 0.056
6025.72662 18.276 0.086
6025.80711 18.250 0.078
6026.70061 18.137 0.085
6031.80844 17.787 0.037
6032.73814 17.702 0.034
6032.91844 17.721 0.031
6033.86979 17.603 0.028
6034.79944 17.521 0.022
6036.71418 17.389 0.026
6036.93615 17.331 0.037
6037.89665 17.266 0.024
6038.85821 17.222 0.021
6039.85305 17.140 0.022
6040.81952 17.060 0.021
6041.77139 16.976 0.019
6045.91024 16.755 0.018
6047.73340 16.661 0.013
6047.92749 16.666 0.015
6048.85813 16.603 0.015
6049.78572 16.567 0.012
6050.67212 16.535 0.018
6050.86010 16.504 0.015
6052.66945 16.408 0.016
6052.84475 16.403 0.013
6053.70104 16.346 0.015
6053.89285 16.341 0.015
6058.73311 16.155 0.016
6058.90323 16.136 0.012
6059.78808 16.110 0.011
6060.79534 16.069 0.011
6061.68784 16.022 0.012
6061.86564 16.026 0.011
6062.73630 15.963 0.012
6062.91368 15.976 0.011
6063.90248 15.932 0.009
6064.83179 15.881 0.009
6065.66194 15.866 0.011
6065.84149 15.867 0.009
6066.76557 15.863 0.008
6066.93854 15.869 0.009
6067.75107 15.826 0.009
6067.91794 15.822 0.009
6068.76766 15.774 0.008
6069.72072 15.747 0.008
6069.90812 15.771 0.008
6070.70638 15.704 0.009
6070.88338 15.718 0.008
6071.68190 15.683 0.009
6071.86157 15.687 0.008
6075.66210 15.583 0.008
6075.84525 15.585 0.008
6076.70339 15.551 0.008
6076.88769 15.507 0.008
6077.83435 15.527 0.008
6078.63624 15.505 0.008
6078.81722 15.496 0.008
6079.61415 15.469 0.008
6079.80477 15.461 0.008
6080.58450 15.426 0.008
6080.75033 15.432 0.008
6080.93055 15.417 0.008
6081.70439 15.400 0.008
6081.88023 15.389 0.008
6082.70179 15.395 0.009
6082.89597 15.377 0.011
6085.69657 15.324 0.008
6085.86576 15.332 0.011
6086.64240 15.320 0.007
6086.82349 15.298 0.007
6087.61602 15.289 0.007
6088.58834 15.252 0.007
6089.66959 15.235 0.007
6089.91774 15.230 0.008
6092.78289 15.172 0.007
6093.61917 15.143 0.007
6093.81937 15.147 0.007
6094.66813 15.129 0.007
6094.84297 15.128 0.007
6096.66268 15.083 0.007
6096.85671 15.105 0.008
6097.79108 15.084 0.007
6098.58450 15.063 0.007
6098.76345 15.060 0.007
6099.64271 15.054 0.008
6100.61296 15.023 0.007
6100.79747 15.033 0.007
6101.56464 15.021 0.007
6101.74215 15.033 0.007
6102.52896 15.015 0.008
6102.70380 15.025 0.007
6102.86150 15.026 0.007
6103.61193 15.004 0.007
6103.81698 15.004 0.007
6104.77411 14.994 0.005
6105.53179 14.959 0.007
6105.72159 14.961 0.007
6108.53152 14.931 0.007
6108.71668 14.934 0.005
6108.87360 14.912 0.005
6109.70677 14.926 0.005
6109.86770 14.918 0.007
6113.67178 14.876 0.007
6113.82703 14.873 0.007
6114.68660 14.853 0.007
6114.85208 14.861 0.007
6115.63385 14.838 0.007
6116.49561 14.826 0.005
6116.67434 14.844 0.005
6116.83681 14.847 0.005
6117.65600 14.834 0.005
6117.81046 14.836 0.007
6118.58625 14.820 0.005
6118.77250 14.830 0.005
6119.54952 14.812 0.007
6120.56330 14.839 0.007
6120.76112 14.814 0.007
6121.55336 14.800 0.005
6121.72254 14.814 0.005
6123.60125 14.784 0.007
6123.77069 14.780 0.005
6124.58681 14.776 0.005
6124.77939 14.784 0.007
6125.59151 14.757 0.005
6125.78731 14.762 0.005
6126.62227 14.765 0.005
6127.52204 14.755 0.005
6128.54381 14.759 0.005
6129.66198 14.760 0.005
6131.61845 14.748 0.004
6132.64101 14.743 0.007
6133.58482 14.730 0.007
6134.50748 14.723 0.007
6134.71370 14.748 0.007
6135.69225 14.722 0.005
6136.61258 14.758 0.007
6140.48227 14.703 0.007
6140.66207 14.714 0.007
6141.50931 14.717 0.005
6141.68250 14.711 0.005
6142.55176 14.711 0.007
6147.56667 14.716 0.005
6148.49821 14.706 0.005
6148.68211 14.720 0.005
6150.53744 14.688 0.005
6151.54130 14.708 0.007
6151.70371 14.700 0.007
6152.59278 14.687 0.005
6154.52853 14.696 0.005
6157.67787 14.696 0.005
6158.61818 14.688 0.005
6159.52490 14.705 0.007
6160.50611 14.692 0.005
6160.71595 14.712 0.005
6161.60858 14.718 0.005
6164.59560 14.710 0.007
6167.58992 14.712 0.007
6168.60650 14.701 0.005
6169.59574 14.721 0.005
6171.55082 14.707 0.005
6172.50956 14.726 0.005
6174.64817 14.701 0.007
6175.63975 14.691 0.005
6179.63059 14.691 0.005
6180.61626 14.702 0.005
6181.57450 14.708 0.005
6182.58578 14.710 0.005
6183.63450 14.723 0.005
6185.58239 14.730 0.005
6186.59210 14.715 0.005
6191.48981 14.724 0.007
6195.48399 14.700 0.005
6195.57450 14.714 0.005
6196.48495 14.710 0.005
6196.57201 14.707 0.005
6197.48539 14.694 0.007
6197.57339 14.707 0.005
6198.59292 14.741 0.007
6200.61310 14.709 0.007
6202.55412 14.734 0.007
6203.55742 14.708 0.007
6204.50417 14.706 0.005
6204.58755 14.711 0.005
6205.53377 14.715 0.005
6205.60803 14.709 0.005
6209.55264 14.736 0.007
6210.50468 14.705 0.005
6210.58191 14.712 0.005
6211.53197 14.728 0.005
6212.53126 14.723 0.005
6213.56023 14.714 0.007
6214.54080 14.705 0.005
6216.54037 14.712 0.005
6216.58204 14.716 0.007
6217.56346 14.717 0.005
6218.54847 14.706 0.005
6223.51520 14.719 0.007
6224.50220 14.751 0.007
6227.52015 14.707 0.005
6232.50567 14.721 0.007
6234.52875 14.736 0.007
6239.51495 14.706 0.007
6334.85781 14.690 0.005
6334.89191 14.703 0.007
6335.86934 14.691 0.005
6337.88167 14.697 0.005
6338.85925 14.706 0.005
6339.87565 14.704 0.005
6340.88579 14.708 0.005
6343.89560 14.684 0.007
6345.83550 14.714 0.005
6347.84427 14.702 0.005
6348.83824 14.682 0.005
6349.85041 14.700 0.005
6350.85073 14.695 0.005
6351.85395 14.703 0.005
6352.85364 14.690 0.005
6353.82869 14.722 0.005
6354.84458 14.710 0.005
6358.86131 14.706 0.005
6360.84676 14.711 0.005
6361.83230 14.711 0.005
6362.83016 14.699 0.005
6362.85619 14.695 0.005
6363.82598 14.698 0.005
6367.84481 14.703 0.005
6368.78093 14.702 0.005
6368.87324 14.710 0.005
6369.80235 14.705 0.005
6369.90018 14.705 0.005
6370.84540 14.693 0.005
6371.77032 14.707 0.005
6371.85847 14.710 0.005
6372.76320 14.698 0.005
6372.85179 14.695 0.005
6373.78001 14.699 0.005
6373.86872 14.682 0.005
6374.78384 14.692 0.005
6374.87507 14.686 0.005
6375.78296 14.704 0.005
6375.89031 14.689 0.005
6376.79706 14.705 0.005
6376.88842 14.708 0.005
6377.81846 14.718 0.005
6377.89883 14.726 0.005
6378.81402 14.734 0.005
6378.89452 14.737 0.005
6379.81020 14.711 0.005
6379.89623 14.720 0.005
6380.79141 14.709 0.005
6380.89575 14.699 0.005
6381.82256 14.710 0.005
6381.90163 14.709 0.005
6382.80630 14.694 0.005
6382.88617 14.698 0.005
6386.81196 14.705 0.005
6386.90947 14.693 0.005
6387.71599 14.700 0.005
6387.80160 14.712 0.005
6387.88041 14.697 0.005
6388.72094 14.701 0.005
6388.82263 14.706 0.005
6389.72593 14.699 0.005
6389.80331 14.716 0.005
6389.87882 14.708 0.005
6390.75722 14.714 0.005
6390.84353 14.714 0.005
6391.71764 14.716 0.007
6393.71216 14.707 0.005
6393.90282 14.685 0.005
6394.86146 14.704 0.005
6395.82424 14.728 0.005
6396.77079 14.736 0.005
6397.71182 14.727 0.005
6397.88790 14.745 0.005
6398.81894 14.741 0.005
6399.72503 14.715 0.005
6400.68336 14.720 0.005
6400.90042 14.726 0.005
6401.83423 14.715 0.005
6402.74540 14.717 0.005
6403.83479 14.719 0.005
6404.77005 14.732 0.005
6405.82941 14.719 0.005
6406.77822 14.710 0.007
6407.72706 14.709 0.005
6407.90273 14.729 0.005
6408.83798 14.712 0.005
6415.72514 14.708 0.005
6415.91817 14.714 0.005
6416.81420 14.710 0.005
6417.72946 14.689 0.005
6417.90404 14.714 0.005
6418.75113 14.720 0.005
6418.92563 14.720 0.005
6419.81236 14.714 0.005
6420.66709 14.728 0.005
6420.83878 14.748 0.005
6421.84718 14.725 0.005
6422.79282 14.732 0.005
6423.78094 14.714 0.005
6424.62910 14.693 0.005
6424.82255 14.741 0.005
6426.66956 14.703 0.005
6426.91001 14.722 0.005
6427.90353 14.711 0.005
6428.70960 14.717 0.007
6428.89782 14.717 0.005
6431.69839 14.702 0.007
6431.88334 14.717 0.005
6432.73277 14.695 0.005
6432.90515 14.720 0.005
6433.70964 14.704 0.005
6434.63043 14.698 0.007
6434.81436 14.709 0.005
6435.66091 14.698 0.005
6435.84900 14.727 0.005
6436.64734 14.697 0.005
6436.83744 14.729 0.005
6437.93417 14.725 0.007
6441.70597 14.704 0.007
6441.87608 14.713 0.005
6442.65261 14.699 0.005
6442.83692 14.725 0.005
6443.64442 14.710 0.005
6443.75811 14.723 0.005
6444.71772 14.694 0.005
6444.85672 14.716 0.005
6445.66011 14.709 0.005
6445.86678 14.729 0.007
6446.64756 14.721 0.005
6446.83733 14.753 0.005
6447.62172 14.722 0.005
6447.80874 14.760 0.005
6448.57134 14.721 0.005
6448.75322 14.740 0.005
6448.92068 14.741 0.007
6449.69507 14.716 0.005
6449.87899 14.746 0.005
6450.64739 14.709 0.005
6450.82960 14.735 0.005
6451.59687 14.721 0.005
6451.78197 14.720 0.005
6452.55138 14.713 0.005
6452.78636 14.738 0.005
6454.56794 14.736 0.005
6454.75451 14.740 0.005
6454.91756 14.732 0.005
6456.53926 14.720 0.005
6456.72133 14.730 0.005
6456.91696 14.733 0.005
6457.85984 14.731 0.005
6458.64338 14.717 0.005
6458.82812 14.740 0.005
6459.59689 14.708 0.005
6459.78719 14.752 0.005
6460.61283 14.719 0.005
6461.54236 14.712 0.005
6461.72715 14.727 0.005
6462.61271 14.710 0.007
6462.87386 14.716 0.005
6463.64814 14.713 0.005
6463.83945 14.725 0.005
6464.65610 14.730 0.007
6464.84849 14.731 0.005
6468.64276 14.700 0.007
6469.54357 14.702 0.005
6469.73116 14.710 0.005
6471.65153 14.716 0.007
6472.71189 14.712 0.005
6473.66248 14.710 0.005
6473.84651 14.723 0.005
6474.61377 14.710 0.007
6474.79943 14.716 0.005
6475.57371 14.709 0.005
6475.77548 14.742 0.005
6476.54240 14.720 0.007
6476.73095 14.745 0.005
6477.53574 14.702 0.005
6477.72424 14.718 0.005
6478.57354 14.704 0.005
6479.63694 14.697 0.005
6480.54784 14.693 0.007
6480.73382 14.708 0.005
6481.54417 14.708 0.005
6481.78674 14.717 0.005
6483.81536 14.706 0.005
6485.51597 14.711 0.005
6485.74747 14.730 0.005
6486.48890 14.712 0.005
6486.69729 14.731 0.005
6487.48731 14.709 0.005
6487.68981 14.736 0.005
6489.52573 14.707 0.005
6489.72215 14.734 0.005
6490.55182 14.697 0.005
6490.73848 14.720 0.005
6491.60421 14.711 0.005
6491.80550 14.701 0.005
6492.64375 14.711 0.007
6496.47529 14.706 0.007
6497.55861 14.702 0.007
6497.74341 14.703 0.007
6498.57421 14.719 0.005
6498.75169 14.724 0.005
6501.52466 14.702 0.005
6501.72402 14.707 0.005
6504.73942 14.727 0.007
6505.66653 14.716 0.005
6506.55551 14.739 0.007
6507.62788 14.715 0.007
6508.55637 14.716 0.005
6508.74967 14.709 0.005
6509.65501 14.746 0.005
6510.54004 14.734 0.005
6510.74125 14.711 0.005
6511.69048 14.725 0.005
6514.57031 14.719 0.005
6515.51057 14.719 0.005
6516.49914 14.710 0.005
6518.54315 14.728 0.005
6519.48383 14.723 0.005
6519.70138 14.730 0.005
6523.60558 14.721 0.005
6524.53990 14.719 0.005
6525.54177 14.713 0.007
6529.61251 14.733 0.007
6531.60037 14.725 0.005
6532.58034 14.727 0.005
6533.61172 14.717 0.005
6536.63645 14.712 0.004
6539.53345 14.733 0.005
6541.52929 14.707 0.005
6543.60353 14.720 0.005
6545.50251 14.718 0.005
6546.52549 14.743 0.007
6551.50185 14.732 0.007
6555.62585 14.752 0.007
6558.58523 14.709 0.005
6560.48888 14.717 0.007
6561.54571 14.733 0.005
6562.63405 14.724 0.005
6563.61996 14.754 0.007
6564.55501 14.721 0.005
6565.52651 14.724 0.005
6565.61677 14.720 0.005
6568.50387 14.746 0.008
6568.59407 14.731 0.007
6569.55192 14.734 0.005
6570.52943 14.743 0.005
6571.53627 14.721 0.005
6572.48785 14.718 0.007
6572.59707 14.731 0.005
6573.56165 14.724 0.005
6577.52883 14.740 0.007
6578.48667 14.739 0.007
6578.51136 14.739 0.007
6578.55757 14.721 0.005
6578.59017 14.724 0.005
6579.58120 14.729 0.007
6581.52258 14.734 0.005
6582.56038 14.747 0.005
6583.54515 14.733 0.007
6584.54510 14.745 0.007
6590.52552 14.709 0.005
6590.55765 14.718 0.005
6593.50131 14.715 0.007
6595.52333 14.704 0.005
6696.88778 14.704 0.007
6697.88453 14.710 0.005
6699.86460 14.707 0.005
6701.87604 14.701 0.005
6704.85350 14.707 0.007
6705.89569 14.716 0.007
6708.84099 14.712 0.005
6709.86488 14.715 0.005
6710.88113 14.724 0.005
6714.85843 14.710 0.007
6715.88028 14.710 0.005
6716.88329 14.702 0.005
6717.88451 14.708 0.007
6718.90452 14.694 0.005
6719.89435 14.700 0.005
6720.87108 14.707 0.005
6721.84995 14.705 0.005
6722.84431 14.698 0.005
6723.81537 14.716 0.005
6724.79938 14.711 0.007
6724.89527 14.734 0.007
6725.87453 14.712 0.005
6726.83714 14.710 0.005
6727.80830 14.702 0.005
6727.90259 14.702 0.005
6728.87496 14.702 0.005
6729.83094 14.708 0.005
6730.78087 14.695 0.007
6730.87696 14.725 0.007
6732.78913 14.722 0.007
6732.88380 14.713 0.005
6733.82416 14.713 0.005
6733.91277 14.710 0.005
6734.85550 14.701 0.005
6735.78303 14.696 0.005
6735.89249 14.704 0.005
6736.82767 14.687 0.005
6737.78859 14.695 0.005
6737.86823 14.709 0.005
6742.78018 14.699 0.005
6742.87180 14.701 0.005
6744.78854 14.690 0.005
6744.88120 14.675 0.005
6745.78752 14.699 0.005
6745.87584 14.731 0.005
6746.77932 14.700 0.005
6746.86940 14.674 0.005
6747.89554 14.706 0.005
6749.74123 14.708 0.007
6749.91318 14.714 0.005
6751.76725 14.707 0.005
6752.73623 14.695 0.005
6754.73904 14.687 0.007
6755.73800 14.688 0.007
6756.78099 14.714 0.005
6756.90487 14.714 0.005
6757.86170 14.715 0.005
6758.89358 14.704 0.007
6759.84168 14.742 0.005
6760.79047 14.744 0.005
6761.72612 14.717 0.005
6763.81668 14.728 0.005
6764.75674 14.712 0.005
6765.69122 14.698 0.007
6765.84276 14.726 0.005
6768.82391 14.737 0.005
6769.90036 14.734 0.005
6770.80109 14.732 0.005
6771.73707 14.734 0.005
6771.93007 14.741 0.005
6772.85650 14.722 0.005
6773.76620 14.710 0.005
6774.68545 14.716 0.007
6774.85200 14.705 0.005
6775.84417 14.708 0.005
6776.76234 14.698 0.005
6777.74634 14.719 0.005
6784.65089 14.702 0.005
6784.84752 14.728 0.005
6785.63676 14.715 0.005
6785.83046 14.736 0.005
6786.64763 14.733 0.005
6786.86322 14.723 0.005
6787.74398 14.738 0.005
6788.85174 14.729 0.005
6789.78382 14.717 0.005
6790.65332 14.699 0.007
6790.82275 14.717 0.005
6791.66052 14.704 0.007
6791.83306 14.732 0.007
6792.66719 14.714 0.007
6792.73012 14.723 0.005
6792.82005 14.738 0.007
6796.60750 14.723 0.007
6796.77478 14.729 0.005
6796.94251 14.724 0.007
6797.81553 14.715 0.007
6798.79484 14.744 0.008
6799.87732 14.745 0.008
6803.76059 14.729 0.005
6803.91996 14.728 0.005
6804.70512 14.740 0.005
6804.88315 14.727 0.007
6805.68681 14.727 0.007
6805.87304 14.720 0.007
6807.63923 14.729 0.007
6807.82717 14.730 0.007
6808.61509 14.716 0.007
6808.80561 14.720 0.005
6809.57448 14.698 0.007
6809.77958 14.733 0.005
6810.58651 14.721 0.007
6810.77671 14.723 0.005
6810.94399 14.723 0.007
6811.73330 14.725 0.007
6811.91854 14.719 0.007
6813.80855 14.736 0.007
6814.61770 14.722 0.007
6814.82894 14.717 0.007
6815.61314 14.732 0.008
6815.82560 14.727 0.007
6816.64890 14.717 0.007
6816.86048 14.716 0.007
6817.70266 14.715 0.005
6817.88922 14.717 0.007
6818.87524 14.712 0.007
6819.68391 14.683 0.007
6819.84881 14.707 0.007
6823.85722 14.728 0.007
6824.64958 14.717 0.007
6824.84295 14.704 0.005
6825.62429 14.716 0.007
6825.81106 14.725 0.007
6826.57603 14.718 0.007
6826.76178 14.715 0.005
6827.56120 14.719 0.005
6827.77080 14.715 0.005
6827.90604 14.718 0.007
6828.71040 14.731 0.005
6828.89706 14.703 0.007
6829.66978 14.716 0.007
6829.83475 14.716 0.007
6830.62855 14.718 0.005
6830.81792 14.725 0.005
6831.73098 14.723 0.005
6832.52374 14.707 0.007
6832.71856 14.704 0.007
6833.54297 14.715 0.007
6833.73726 14.707 0.007
6834.51373 14.702 0.007
6834.68652 14.706 0.005
6835.51874 14.725 0.008
6835.70493 14.719 0.007
6835.86459 14.708 0.007
6836.67536 14.718 0.007
6836.84174 14.739 0.008
6837.62608 14.702 0.005
6837.80851 14.712 0.005
6838.58251 14.707 0.007
6838.76459 14.723 0.005
6839.54980 14.706 0.007
6839.73634 14.723 0.007
6840.54830 14.716 0.007
6840.74175 14.713 0.007
6841.60942 14.688 0.005
6841.79316 14.702 0.007
6842.59444 14.694 0.007
6842.77791 14.697 0.007
6844.56525 14.696 0.005
6844.75251 14.702 0.005
6845.49643 14.697 0.005
6845.66557 14.730 0.005
6845.83401 14.698 0.005
6847.59895 14.715 0.005
6847.74187 14.740 0.005
6851.47324 14.697 0.007
6851.64880 14.720 0.007
6851.82081 14.738 0.008
6853.55470 14.704 0.007
6854.47335 14.693 0.005
6855.60940 14.708 0.007
6855.79672 14.726 0.005
6856.60169 14.720 0.007
6856.77734 14.725 0.007
6857.59035 14.739 0.005
6857.78124 14.739 0.005
6858.62651 14.739 0.005
6859.56304 14.742 0.007
6859.75374 14.719 0.007
6862.70345 14.715 0.007
6863.54751 14.715 0.005
6863.74035 14.702 0.007
6864.59150 14.728 0.007
6864.77390 14.706 0.005
6866.76625 14.713 0.007
6870.49561 14.731 0.005
6870.72499 14.696 0.005
6872.54914 14.736 0.007
6873.51931 14.737 0.007
6874.72866 14.741 0.007
6879.69600 14.709 0.007
6880.64225 14.734 0.007
6881.56139 14.724 0.007
6882.51788 14.733 0.007
6882.69067 14.715 0.005
6883.59969 14.720 0.007
6885.59019 14.719 0.005
6886.49329 14.711 0.007
6886.68585 14.710 0.007
6887.61032 14.735 0.005
6888.54341 14.743 0.005
6889.47880 14.709 0.007
6889.66994 14.716 0.005
6890.61044 14.735 0.007
6891.55081 14.734 0.007
6895.48300 14.704 0.005
6895.67831 14.701 0.005
6896.64193 14.712 0.007
6907.49891 14.715 0.007
6907.66113 14.703 0.007
6908.54023 14.734 0.007
6909.50428 14.741 0.007
6912.52252 14.694 0.005
6915.55036 14.700 0.007
6918.54833 14.702 0.007
6919.59113 14.703 0.007
6922.57276 14.727 0.007
6923.60705 14.735 0.008
6925.51091 14.747 0.008
6926.53630 14.721 0.007
6927.58519 14.704 0.007
6929.50858 14.715 0.007
6930.55590 14.753 0.007
6936.52070 14.718 0.007
6937.51822 14.732 0.007
6938.51783 14.738 0.007
6939.54279 14.731 0.007
6940.56528 14.722 0.007
6942.53609 14.715 0.007
6943.54219 14.723 0.007
6947.49081 14.720 0.007
6949.53289 14.758 0.008
6954.53501 14.722 0.007
6956.54244 14.742 0.007
7063.86573 14.701 0.007
7065.86687 14.708 0.007
7069.85698 14.699 0.007
7070.87052 14.723 0.005
7071.88281 14.704 0.005
7072.89062 14.709 0.005
7075.89646 14.689 0.007
7076.89810 14.692 0.007
7077.89415 14.701 0.007
7078.88529 14.709 0.005
7080.83056 14.713 0.007
7081.89434 14.698 0.007
7082.87483 14.698 0.005
7083.85465 14.700 0.007
7084.83487 14.700 0.005
7085.80939 14.697 0.005
7085.89762 14.712 0.005
7086.87575 14.717 0.005
7087.84326 14.715 0.005
7088.80706 14.707 0.005
7088.90278 14.705 0.007
7089.86831 14.700 0.005
7090.83536 14.701 0.005
7091.80284 14.697 0.005
7091.87768 14.700 0.005
7092.82542 14.711 0.005
7092.90353 14.719 0.005
7097.80129 14.712 0.005
7097.88940 14.713 0.005
7098.83953 14.709 0.005
7099.78597 14.695 0.005
7099.89606 14.704 0.005
7100.82968 14.704 0.005
7101.80541 14.718 0.007
7102.77969 14.684 0.005
7102.89451 14.692 0.007
7108.85521 14.695 0.007
7109.80471 14.702 0.007
7109.90922 14.711 0.005
7110.81518 14.727 0.005
7111.75689 14.701 0.005
7111.84719 14.696 0.005
7112.75434 14.696 0.007
7112.86209 14.701 0.005
7113.78233 14.716 0.005
7114.77812 14.707 0.005
7115.73015 14.689 0.005
7115.91373 14.731 0.005
7116.89606 14.695 0.005
7117.78996 14.723 0.005
7117.82484 14.710 0.005
7117.86439 14.727 0.005
7117.88810 14.731 0.005
7117.90296 14.733 0.005
7117.91834 14.728 0.005
7117.92469 14.736 0.007
7118.91243 14.729 0.005
7119.90672 14.724 0.005
7120.84003 14.716 0.005
7125.78314 14.694 0.005
7126.72976 14.697 0.005
7129.69193 14.704 0.007
7129.87217 14.725 0.005
7130.79967 14.723 0.005
7131.71878 14.709 0.005
7131.90554 14.714 0.005
7132.84113 14.714 0.005
7134.67321 14.682 0.007
7134.84983 14.701 0.005
7135.75669 14.708 0.005
7136.67554 14.694 0.005
7136.85646 14.728 0.005
7137.74356 14.710 0.005
7137.92892 14.717 0.007
7138.80300 14.704 0.005
7139.73914 14.714 0.005
7139.92311 14.720 0.005
7140.80835 14.707 0.005
7141.70297 14.721 0.005
7141.88949 14.736 0.005
7142.75860 14.731 0.005
7143.65465 14.703 0.007
7143.82020 14.717 0.005
7144.70172 14.704 0.007
7145.73755 14.703 0.007
7145.90437 14.712 0.005
7146.74066 14.703 0.005
7146.88234 14.705 0.005
7147.72319 14.692 0.007
7147.86483 14.698 0.005
7152.86409 14.718 0.005
7153.70123 14.717 0.005
7153.86561 14.737 0.005
7154.74502 14.714 0.005
7154.93456 14.726 0.005
7155.77423 14.718 0.005
7156.62299 14.716 0.005
7156.82950 14.733 0.004
7157.83328 14.722 0.005
7158.69691 14.701 0.005
7158.88051 14.703 0.005
7159.69741 14.697 0.005
7159.88158 14.705 0.005
7160.72009 14.708 0.005
7160.90816 14.714 0.005
7161.75717 14.739 0.005
7161.93353 14.728 0.005
7162.75925 14.716 0.005
7162.93665 14.719 0.005
7163.77007 14.710 0.005
7164.60702 14.715 0.005
7164.86790 14.718 0.005
7166.64781 14.712 0.007
7169.62006 14.692 0.005
7172.69823 14.701 0.005
7173.72976 14.698 0.005
7174.72754 14.708 0.005
7175.75666 14.698 0.007
7176.91927 14.697 0.005
7178.72804 14.702 0.005
7179.69584 14.702 0.007
7180.69102 14.705 0.005
7181.71201 14.697 0.005
7182.72437 14.698 0.005
7183.73988 14.704 0.005
7184.77550 14.712 0.007
7185.78277 14.696 0.005
7187.55462 14.713 0.007
7188.56313 14.701 0.007
7189.66696 14.692 0.005
7190.73052 14.726 0.005
7193.68693 14.721 0.005
7194.76406 14.723 0.005
7197.85176 14.726 0.007
7198.88277 14.713 0.005
7199.87683 14.727 0.005
7200.86140 14.736 0.005
7202.69826 14.724 0.007
7206.73749 14.725 0.005
7207.75449 14.708 0.007
7211.49352 14.726 0.007
7212.53090 14.710 0.005
7217.64022 14.713 0.007
7220.51684 14.704 0.007
7221.54757 14.714 0.007
7222.60931 14.718 0.005
7223.74546 14.717 0.007
7225.50284 14.697 0.007
7226.74633 14.719 0.005
7227.75689 14.714 0.005
7229.48802 14.711 0.005
7235.75123 14.725 0.005
7249.64013 14.704 0.005
7252.71783 14.707 0.007
7255.67086 14.729 0.005
7258.63799 14.723 0.007
7263.57808 14.720 0.005
7265.53293 14.735 0.005
7268.52406 14.717 0.005
7270.51265 14.721 0.005
7272.62861 14.727 0.007
7277.54638 14.714 0.007
7281.58753 14.731 0.007
7291.54654 14.733 0.007
7292.57938 14.731 0.007
7293.53677 14.706 0.005
7294.55052 14.709 0.007
7295.50979 14.709 0.007
7296.57566 14.748 0.007
7299.54905 14.715 0.007
7301.49647 14.738 0.007
7311.50607 14.717 0.005
7312.52712 14.708 0.007
7317.52704 14.720 0.007
7322.50506 14.729 0.007
7324.53029 14.737 0.007
7329.52180 14.709 0.007
7333.50772 14.712 0.007
7436.86298 14.709 0.007
7439.84224 14.710 0.007
7441.89470 14.724 0.005
7446.81784 14.695 0.005
7448.82513 14.709 0.005
7451.88236 14.724 0.005
7454.86332 14.695 0.005
7456.88231 14.721 0.007
7458.88904 14.721 0.005
7461.89780 14.735 0.005
7464.82976 14.701 0.005
7467.80777 14.693 0.005
7470.89348 14.697 0.005
7472.81378 14.692 0.005
7474.82706 14.687 0.005
7475.85861 14.720 0.007
7476.77880 14.705 0.005
7480.78074 14.712 0.007
7485.73382 14.696 0.007
7486.83996 14.691 0.005
7488.73507 14.683 0.005
7491.74752 14.689 0.005
7492.79291 14.720 0.005
7493.78038 14.704 0.005
7494.76699 14.699 0.005
7495.74733 14.704 0.005
7497.89336 14.707 0.005
7498.91074 14.679 0.005
7499.85447 14.708 0.005
7500.79497 14.709 0.007
7507.83278 14.695 0.005
7508.88355 14.735 0.005
7511.73006 14.681 0.005
7523.89624 14.692 0.005
7526.91043 14.700 0.005
7530.78460 14.694 0.007
7534.90326 14.712 0.007
7536.90149 14.705 0.007
7546.76490 14.717 0.005
7547.69497 14.705 0.007
7548.93037 14.710 0.007
7549.92577 14.713 0.007
7550.90510 14.703 0.005
7555.64767 14.699 0.005
7557.58752 14.701 0.007
7561.76015 14.708 0.005
7566.61612 14.696 0.007
7567.55006 14.678 0.005
7567.87000 14.706 0.007
7569.56150 14.681 0.005
7570.71279 14.690 0.005
7575.70624 14.703 0.005
7576.71583 14.701 0.005
7579.75553 14.705 0.005
7584.63439 14.706 0.005
7589.63232 14.709 0.005
7590.64951 14.714 0.005
7593.63026 14.709 0.005
7596.60077 14.700 0.005
7600.66087 14.729 0.005
7602.69468 14.710 0.005
7603.73717 14.705 0.005
7604.74300 14.710 0.005
7605.78164 14.709 0.005
7607.75862 14.703 0.007
7609.60547 14.717 0.005
7611.51369 14.711 0.005
7612.70534 14.704 0.005
7617.56405 14.731 0.007
7618.68738 14.720 0.007
7622.53127 14.718 0.005
7623.69182 14.700 0.005
7625.64395 14.706 0.005
7630.65559 14.711 0.007
7632.66071 14.724 0.005
7636.55369 14.707 0.007
7638.61570 14.716 0.005
7645.48618 14.717 0.007
7649.54285 14.725 0.005
7652.48832 14.718 0.005
7658.49034 14.713 0.005
7660.57184 14.719 0.007
7671.52110 14.729 0.007
7673.54924 14.727 0.005
7681.51844 14.700 0.005
7796.88367 14.711 0.005
7798.89046 14.706 0.007
7800.88180 14.689 0.007
7802.87361 14.722 0.008
7807.87659 14.694 0.005
7809.84188 14.694 0.007
7810.83832 14.699 0.005
7811.85747 14.718 0.007
7812.88854 14.731 0.005
7814.85798 14.708 0.005
7815.88641 14.720 0.005
7816.87633 14.704 0.005
7817.87291 14.709 0.005
7818.85910 14.709 0.005
7819.83893 14.718 0.005
7820.84824 14.721 0.005
7821.84639 14.737 0.007
7822.84216 14.709 0.007
7823.82766 14.707 0.007
7824.82218 14.708 0.007
7825.81521 14.695 0.005
7825.90439 14.698 0.005
7826.86326 14.710 0.007
7827.85037 14.697 0.007
7828.81969 14.695 0.007
7828.90896 14.714 0.005
7830.81355 14.692 0.007
7830.89614 14.702 0.005
7834.80653 14.701 0.007
7836.83591 14.705 0.007
7838.82793 14.716 0.005
7840.83648 14.710 0.007
7842.80089 14.692 0.007
7844.75245 14.697 0.005
7845.89436 14.707 0.005
7847.84453 14.715 0.007
7849.76912 14.696 0.005
7850.90179 14.693 0.007
7853.87602 14.676 0.007
7855.75163 14.686 0.007
7856.87440 14.700 0.007
7858.87704 14.697 0.007
7863.83945 14.713 0.005
7864.81634 14.714 0.005
7867.78527 14.676 0.005
7869.73235 14.693 0.005
7870.87363 14.735 0.005
7872.75772 14.741 0.005
7873.88726 14.731 0.005
7875.77050 14.707 0.005
7876.87854 14.711 0.005
7878.74008 14.721 0.005
7879.85215 14.704 0.007
7881.80640 14.705 0.005
7882.93384 14.710 0.007
7893.69284 14.702 0.007
7894.69211 14.696 0.005
7897.64638 14.703 0.007
7901.84135 14.741 0.007
7903.75411 14.718 0.007
7904.72617 14.711 0.005
7905.69495 14.706 0.005
7906.65065 14.704 0.005
7907.68902 14.717 0.005
7908.76527 14.731 0.007
7909.68695 14.736 0.005
7910.58415 14.725 0.007
7910.94160 14.716 0.005
7911.90714 14.717 0.008
7916.83914 14.717 0.007
7917.83540 14.730 0.007
7922.58774 14.691 0.007
7923.74156 14.729 0.007
7924.68816 14.736 0.005
7925.72328 14.727 0.005
7926.77957 14.747 0.007
7932.77449 14.719 0.007
7933.76355 14.720 0.007
7934.76646 14.721 0.005
7935.77778 14.726 0.005
7936.78450 14.711 0.005
7937.76054 14.715 0.007
7944.55426 14.701 0.007
7945.46890 14.711 0.008
7945.78730 14.709 0.005
7946.74955 14.704 0.007
7947.80162 14.737 0.008
7948.80850 14.696 0.007
7952.74452 14.728 0.007
7953.76946 14.698 0.007
7955.72353 14.735 0.007
7956.77158 14.705 0.005
7958.70334 14.717 0.007
7959.73305 14.714 0.005
7960.78294 14.703 0.007
7962.52991 14.710 0.005
7964.78920 14.717 0.007
7966.68356 14.710 0.007
7971.60957 14.721 0.007
7972.62578 14.724 0.007
7974.51725 14.703 0.005
7979.50366 14.710 0.005
7980.67679 14.730 0.007
7982.63945 14.729 0.007
7984.59362 14.708 0.007
7986.63479 14.708 0.005
7990.61327 14.723 0.007
7992.57810 14.707 0.005
7994.55922 14.709 0.007
8000.51376 14.735 0.007
8002.53323 14.736 0.008
8007.51820 14.729 0.007
8012.50247 14.710 0.005
8015.51336 14.728 0.007
8019.48711 14.698 0.005
8026.53314 14.713 0.005
8039.49876 14.737 0.007
8041.49251 14.728 0.007
8048.51685 14.727 0.007
8055.51370 14.745 0.007
8159.86991 14.683 0.007
8162.85250 14.676 0.005
8163.85896 14.682 0.007
8166.86317 14.702 0.007
8170.88996 14.717 0.005
8174.85515 14.705 0.005
8181.87998 14.722 0.005
8185.83304 14.695 0.007
8190.89946 14.718 0.005
8193.85290 14.690 0.005
8196.77380 14.696 0.005
8198.79113 14.700 0.005
8200.83328 14.699 0.005
8202.82615 14.708 0.005
8204.80730 14.684 0.007
8206.80344 14.702 0.005
8208.75020 14.714 0.005
8209.88480 14.716 0.005
8211.80455 14.705 0.007
8212.90577 14.723 0.005
8220.89879 14.717 0.005
8222.82889 14.729 0.005
8224.83269 14.731 0.005
8227.77435 14.730 0.005
8229.71446 14.709 0.005
8230.84939 14.721 0.005
8236.68464 14.711 0.007
8244.65702 14.705 0.007
8247.63250 14.705 0.007
8248.74405 14.728 0.005
8250.64995 14.686 0.005
8251.68902 14.703 0.007
8253.63652 14.708 0.007
8254.76322 14.726 0.005
8255.86096 14.725 0.005
8256.88974 14.716 0.005
8258.65766 14.708 0.005
8259.78417 14.725 0.005
8261.69246 14.721 0.005
8262.79718 14.707 0.005
8263.85462 14.734 0.005
8265.63027 14.709 0.007
8266.75420 14.698 0.007
8271.87716 14.704 0.007
8273.60877 14.700 0.005
8274.58979 14.686 0.007
8275.58332 14.692 0.007
8276.59062 14.700 0.007
8277.63730 14.703 0.005
8278.61508 14.689 0.005
8282.77846 14.707 0.005
8283.76427 14.702 0.005
8284.73051 14.698 0.005
8286.58128 14.696 0.005
8287.58436 14.709 0.005
8288.59090 14.701 0.007
8289.60580 14.702 0.005
8290.62062 14.707 0.005
8291.67991 14.734 0.005
8292.67003 14.724 0.007
8293.69490 14.713 0.007
8299.53102 14.696 0.007
8301.83699 14.724 0.008
8304.74237 14.686 0.007
8306.62548 14.697 0.007
8307.55037 14.704 0.005
8308.53519 14.698 0.005
8309.50657 14.686 0.005
8310.47339 14.698 0.007
8310.74776 14.690 0.005
8311.74733 14.710 0.005
8312.76756 14.707 0.005
8313.73798 14.741 0.005
8314.74502 14.718 0.005
8316.74579 14.723 0.007
8320.77865 14.708 0.005
8328.64977 14.711 0.007
8329.70214 14.707 0.005
8331.62038 14.694 0.005
8333.47965 14.702 0.007
8334.64591 14.716 0.005
8336.65122 14.706 0.005
8339.55661 14.717 0.005
8341.53125 14.724 0.005
8343.55810 14.718 0.007
8345.62024 14.714 0.005
8347.58952 14.709 0.005
8349.63685 14.724 0.007
8355.67784 14.697 0.007
8358.52067 14.706 0.007
8360.56523 14.701 0.007
8364.53179 14.699 0.005
8367.64632 14.709 0.005
8370.49325 14.719 0.005
8372.63663 14.698 0.005
8376.58391 14.702 0.005
8381.57245 14.697 0.005
8383.53415 14.711 0.005
8383.62662 14.701 0.007
8384.58170 14.720 0.005
8385.48762 14.717 0.005
8385.60490 14.713 0.005
8387.48665 14.716 0.005
8392.49162 14.712 0.007
8392.61424 14.701 0.007
8393.56819 14.719 0.007
8394.55677 14.708 0.007
8398.50392 14.719 0.007
8399.56247 14.739 0.007
8404.52862 14.703 0.007
8409.54492 14.694 0.007
8411.53901 14.698 0.007
8413.53499 14.722 0.007
8414.55898 14.745 0.007
8418.50409 14.719 0.007
8419.53857 14.694 0.007
8425.50603 14.731 0.007
